4294967294,0
4294967278,132
4294967278,131
4294967278,130
4294967278,129
4294967278,128
4294967278,127
4294967278,126
4294967278,125
4294967278,124
4294967278,123
4294967278,122
4294967278,121
4294967278,120
4294967278,119
4294967278,118
4294967278,117
4294967278,116
4294967278,115
4294967278,114
4294967278,113
4294967278,112
4294967279,101
4294967279,100
4294967279,99
4294967279,98
4294967279,97
4294967279,96
4294967279,95
4294967279,94
4294967279,93
4294967279,92
4294967279,91
4294967279,90
4294967279,89
4294967279,87
4294967279,86
4294967279,85
4294967279,84
4294967279,83
4294967279,82
4294967279,81
4294967279,80
4294967279,79
4294967279,78
4294967279,77
4294967279,76
4294967279,75
4294967279,74
4294967279,73
4294967279,72
4294967279,71
4294967279,70
4294967279,69
4294967279,68
4294967279,67
4294967279,66
4294967279,65
4294967279,64
4294967279,63
4294967279,62
4294967279,61
4294967279,60
4294967279,59
4294967279,58
4294967279,57
4294967279,56
4294967279,55
4294967279,54
4294967279,53
4294967279,52
4294967279,51
4294967279,50
4294967279,49
4294967279,48
4294967279,47
4294967279,46
4294967279,45
4294967279,44
4294967279,43
4294967279,42
4294967279,41
4294967279,40
4294967279,39
4294967279,38
4294967279,37
4294967279,36
4294967279,35
4294967279,34
4294967279,33
4294967279,32
4294967279,31
4294967279,30
4294967279,29
4294967279,28
4294967279,27
4294967279,26
4294967279,25
4294967279,24
4294967279,23
4294967279,22
4294967279,21
4294967279,20
4294967279,19
4294967279,18
4294967279,17
4294967279,16
4294967279,15
4294967279,14
4294967279,13
4294967279,12
4294967279,11
4294967279,10
4294967279,9
4294967279,8
4294967279,7
4294967279,6
4294967279,5
4294967279,4
4243767290,0
11,68
11,67
11,66
11,65
11,64
11,38
11,37
11,36
11,35
11,34
11,33
11,32
11,31
11,30
11,29
11,28
11,27
11,26
11,25
11,24
11,23
11,22
11,21
11,20
11,19
11,18
11,17
11,16
11,15
11,14
11,13
11,12
11,11
11,10
4294967278,555
4294967279,366
4294967278,554
4294967278,553
4294967279,365
4294967279,364
4294967278,552
4294967278,551
4294967279,363
4294967278,550
4294967279,362
4294967278,549
4294967279,361
4294967278,548
4294967279,360
4294967278,547
4294967278,546
4294967278,545
4294967279,359
4294967278,544
4294967278,543
4294967279,358
4294967278,542
4294967279,357
4294967278,541
11,9
4294967279,356
4294967279,355
11,8
4294967278,540
4294967278,539
4294967278,538
4294967279,354
4294967278,537
4294967279,353
4294967279,352
4294967279,351
4294967278,536
4294967279,350
4294967278,535
4294967279,349
4294967279,348
4294967278,534
4294967279,347
4294967278,533
11,7
4294967278,532
4294967279,346
4294967279,345
4294967279,344
4294967279,343
4294967279,342
4294967278,531
4294967279,341
4294967278,530
4294967279,340
4294967278,529
4294967279,339
4294967278,528
4294967279,338
4294967278,527
4294967279,337
4294967279,336
4294967279,335
4294967278,526
4294967278,525
4294967278,524
4294967279,334
4294967278,523
4294967279,333
4294967278,522
4294967278,521
4294967279,332
4294967278,520
4294967279,331
4294967278,519
4294967279,330
4294967278,518
4294967279,329
4294967278,517
4294967279,328
4294967278,516
4294967279,327
4294967278,515
4294967279,326
4294967278,514
4294967279,325
4294967278,513
4294967279,324
4294967278,512
4294967279,323
4294967278,319
4294967279,322
4294967278,318
4294967279,321
4294967278,317
4294967279,320
4294967278,316
4294967279,319
4294967278,315
4294967279,318
4294967278,314
4294967279,317
4294967278,313
4294967279,316
4294967278,312
4294967279,315
4294967278,311
4294967279,314
4294967278,310
4294967279,313
4294967278,309
4294967279,312
4294967278,308
4294967279,311
4294967278,307
4294967279,310
4294967278,306
4294967279,309
4294967278,305
4294967279,308
4294967278,304
4294967279,307
4294967278,303
4294967279,306
4294967278,302
4294967279,305
4294967278,301
4294967279,304
4294967278,300
4294967279,303
4294967278,299
4294967279,302
4294967278,298
4294967279,301
4294967278,297
4294967279,300
4294967278,296
4294967279,299
4294967278,295
4294967279,298
4294967278,294
4294967279,297
4294967278,293
4294967279,296
4294967278,292
4294967279,295
4294967278,291
4294967279,294
4294967278,290
4294967279,293
4294967278,289
4294967279,292
4294967294,1414
4294967294,1413
13,8
13,7
13,6
13,5
13,4
13,3
13,2
13,1
4294967279,291
4294967294,1412
4294967294,186
4294967294,471
4294967294,1411
4294967294,1410
12,6
12,5
12,4
